# The void deck
box1:
  center: [
            38.86922455,
            -0.34078693,
            55.82170486
          ]

  size:   [
            115.09100342,
            25.26037979,
            12.36612701
          ]

  orientation: 
          [
            0.909586131573, 0.415515899658, 0.000000000000,  38.869224548340,
           -0.415515899658, 0.909586131573, 0.000000000000, -0.340786933899,
            0.000000000000, 0.000000000000, 1.000000000000,  55.821704864502,
            0.000000000000, 0.000000000000, 0.000000000000,  1.000000000000
          ]

# First building
box2:
  center: [
            13.15921211,
            12.35749626,
            30.58357239
          ]

  size:   [
            27.01351166,
            15.44753742,
            50.22055817
          ]

  orientation:
          [
            0.966737091541, 0.255773037672, 0.000000000000, 13.159212112427,
           -0.255773037672, 0.966737091541, 0.000000000000, 12.357496261597,
            0.000000000000, 0.000000000000, 1.000000000000, 30.583572387695,
            0.000000000000, 0.000000000000, 0.000000000000, 1.000000000000
          ]

# Middle building
box3:
  center: [
            43.73695755,
            03.39359474,
            29.92310524
          ]

  size:   [
            24.54467773,
            19.53195190,
            46.30308151
          ]

  orientation:
          [
            0.898045241833, 0.439902931452, 0.000000000000, 43.736961364746,
           -0.439902931452, 0.898045241833, 0.000000000000, 3.393593788147,
            0.000000000000, 0.000000000000, 1.000000000000, 29.770519256592,
            0.000000000000, 0.000000000000, 0.000000000000, 1.000000000000
          ]

# Third building
box4:
  center: [
            70.28045654,
           -12.58303833,
            30.04368019
          ]

  size:   [
            25.38685608,
            14.20747375,
            46.55189896
          ]

  orientation:
          [
            0.829285323620, 0.558830618858, 0.000000000000,  70.280456542969,
           -0.558830618858, 0.829285323620, 0.000000000000, -12.583038330078,
            0.000000000000, 0.000000000000, 1.000000000000,  30.043680191040,
            0.000000000000, 0.000000000000, 0.000000000000,  1.000000000000
          ]


