#Firefly parameters
inertia: [ 0.07648816666 , 0.000000 , 0.000000 , 0.000000 , 0.07648816666 , 0.000000 , 0.000000 , 0.000000 , 0.16283333333]
allocation_matrix: [ 0.500000 , -0.866025 , -1.000000 , 1.000000 , 1.000000 , 0.000000 , 1.000000 , 1.000000 , 0.500000 , 0.866025 , -1.000000 , 1.000000 , -0.500000 , 0.866025 , 1.000000 , 1.000000 , -1.000000 , 0.000000 , -1.000000 , 1.000000 , -0.500000 , -0.866025 , 1.000000 , 1.000000]
n_rotors: 6

rotor_force_constant: 0.00002564574
rotor_moment_constant: 0.032
arm_length: 0.430

roll_gain: 200
pitch_gain: 200
roll_int_gain: 2.0
pitch_int_gain: 2.0
p_gain: 40
q_gain: 25
r_gain: 20

max_integrator_error: 0.6

